10 1
110 1
210 2
310 1
410 1
510 0
610 2
710 1
810 1
910 1
1010 1
1110 1
1210 0
1310 1
1410 1
1510 1
1610 1
1710 1
1810 1
1910 1
2010 1
2110 1
2210 1
2310 1
2410 1
2510 1
2610 1
2710 0
2810 1
2910 1
3010 1
3110 1
3210 1
3310 1
3410 1
3510 1
3610 0
3710 1
3810 1
3910 0
4010 1
4110 1
4210 0
4310 1
4410 1
4510 1
4610 1
4710 1
4810 1
4910 1
5010 1
5110 1
5210 1
5310 0
5410 0
5510 1
5610 0
5710 1
5810 1
5910 1
6010 1
6110 1
6210 0
6310 1
6410 1
6510 1
6610 1
6710 1
6810 1
6910 1
7010 1
7110 1
7210 1
7310 1
7410 0
7510 1
7610 1
7710 1
7810 1
7910 1
8010 2
8110 0
8210 0
8310 1
8410 1
8510 1
8610 0
8710 1
8810 0
8910 1
9010 0
9110 1
9210 0
9310 0
9410 1
9510 1
9610 1
9710 1
9810 1
9910 0
