10 8
110 7
210 11
310 9
410 8
510 8
610 10
710 8
810 7
910 8
1010 7
1110 7
1210 7
1310 6
1410 7
1510 8
1610 7
1710 7
1810 7
1910 7
2010 9
2110 7
2210 7
2310 8
2410 7
2510 6
2610 7
2710 7
2810 7
2910 7
3010 7
3110 8
3210 9
3310 9
3410 10
3510 9
3610 8
3710 7
3810 7
3910 8
4010 8
4110 7
4210 8
4310 7
4410 7
4510 10
4610 9
4710 12
4810 8
4910 8
5010 8
5110 7
5210 7
5310 10
5410 8
5510 8
5610 8
5710 8
5810 7
5910 7
6010 8
6110 7
6210 8
6310 7
6410 8
6510 8
6610 9
6710 8
6810 8
6910 8
7010 8
7110 7
7210 7
7310 8
7410 8
7510 7
7610 6
7710 7
7810 7
7910 7
8010 7
8110 8
8210 8
8310 7
8410 7
8510 6
8610 7
8710 8
8810 7
8910 6
9010 7
9110 7
9210 7
9310 7
9410 6
9510 6
9610 6
9710 6
9810 7
9910 7
